           0           1           0
           1           1           0
           2           1           0
           3           2           0
           4           2           0
           5           4           0
           6           6           0
           7           7           0
           8           8           0
           9          11           0
          10          13           0
          11          17           0
          12          22           0
          13          31           0
          14          37           1
          15          50           1
          16          69           1
          17         102           2
          18         138           2
          19         176           4
          20         219           6
          21         292           7
          22         408           8
          23         574          11
          24         765          13
          25        1034          17
          26        1412          22
          27        1898          31
          28        2522          38
          29        3420          51
          30        4543          70
          31        5979         104
          32        7752         140
          33       10002         180
          34       12767         225
          35       16174         299
          36       20157         416
          37       24917         585
          38       30377         778
          39       36663        1051
          40       43774        1434
          41       51915        1929
          42       61249        2560
          43       71831        3471
          44       83736        4613
          45       97367        6083
          46      112986        7892
          47      130422       10182
          48      150362       12992
          49      173202       16473
          50      198888       20573
          51      228132       25502
          52      261343       31155
          53      298445       37714
          54      340523       45208
          55      387976       53844
          56      440495       63809
          57      498490       75302
          58      562461       88349
          59      632351      103450
          60      708613      120878
          61      789964      140604
          62      876559      163354
          63      966607      189675
          64     1060264      219461
          65     1154197      253634
          66     1248921      292498
          67     1342087      336159
          68     1430601      385731
          69     1513429      441820
          70     1587956      504304
          71     1652548      573792
          72     1705066      650810
          73     1744003      735801
          74     1766790      829491
          75     1775046      930568
          76     1767083     1039913
          77     1743242     1156282
          78     1704606     1279725
          79     1653450     1407831
          80     1588665     1541419
          81     1513359     1678246
          82     1429612     1816332
          83     1339199     1955249
          84     1244543     2092260
          85     1147538     2226340
          86     1050108     2355876
          87      954348     2479804
          88      862238     2596281
          89      774156     2705614
          90      691030     2806996
          91      614464     2899524
          92      543275     2984331
          93      478006     3061281
          94      419330     3130084
          95      366362     3191605
          96      319520     3245944
          97      277471     3294448
          98      240568     3336803
          99      208151     3373878
         100      180108     3405984
         101      155477     3434152
         102      134044     3458519
         103      115340     3479770
         104       99202     3498026
         105       85161     3513988
         106       73171     3527606
         107       62852     3539287
         108       53925     3549414
         109       46357     3557967
         110       39707     3565464
         111       34017     3571919
         112       29188     3577371
         113       25046     3582029
         114       21472     3586092
         115       18332     3589629
         116       15723     3592563
         117       13459     3595110
         118       11588     3597228
         119        9874     3599149
